137.76462498653223
133.33551907129328
116.42285076921036
122.31561390938992
116.33012211254186
103.99372583427169
91.09626000563833
91.85284341445129
85.96979343544189
90.55695025508697
66.69951834842664
64.85698945091411
66.74739846067803
63.65090922321417
59.054075653793916
62.58763592281832
61.62444776882205
59.65412542294814
55.297021818188966
63.134408465485194
62.5710829712296
62.201287455992656
62.17307165425359
59.46503925708066
59.11224359466098
59.184833537226496
58.54547830008772
64.83718711633799
60.13053616899856
59.93752050584919
