140.21950673327154
128.10752282807857
116.88933188050555
113.17090426972982
113.56027410700136
93.56631033381876
86.73674949091821
90.02952241098563
79.51467326975751
80.52106723315075
70.42277844438303
63.762083587074244
60.84858396891593
61.20891535159063
63.47356974601655
57.40961169643015
58.99400185645959
56.767973983848094
54.57405590728831
59.83011677493346
63.83224173616935
57.61692992359622
59.14724648438607
59.68100756464264
59.6783825245891
62.317572313733024
59.38799023663961
62.187244433138744
58.1767029913409
62.66372647913738
