284.9022952365848
203.00305270450903
181.7728522454704
179.244190069115
172.41458071233933
142.8245422748367
159.04756160877946
205.43581898448736
165.4101141026792
148.62573344775842
138.537203448701
146.65403996948328
135.56231064712273
136.6080437670338
132.78324068301072
90.88898659259462
87.47668141788591
81.5607536916907
82.55254808081486
80.58775983847454
78.20640635751045
75.64491060085152
73.80201320994047
82.86844424815484
79.04819981009746
85.4728223477756
77.8973228171867
80.60801972999951
79.96510608288764
78.59356458109073
